|594902
|44719772
|01379176
959683904183|01379176
959657711222|44719772
959694896130|594902
959656936693|401608
959667915560|849290
959690969609|81310685
959668562384|271420
959664242380|40259227
959667766612|848667
959661865570|09559840
959663767437|417903
959691198041|105786
959681209221|62898789
959678499984|881404
959662388248|92468207
959662988474|651072
959683697442|62403004
231773483755|13393
959684660853|36615712
959658888397|51584122
959691902516|13125352
959658676459|498302
959666769713|95033503
959681187963|56200737
959650442802|46609732
992005889536|592193
992005889509|43943076
959654634559|38629211
992005889505|203284
992005889502|75332771
959671083089|568781
959652883280|56384774
584266702270|81853759
959684481317|41273584
959658892336|43436
959658888397|79884
959658888397|25606
959694251134|78024517
959674205704|82089115
959653772409|06124076
