8801300226522|617549
970562401478|368194
970562401485|938405
970562401480|790683
970562401478|058296
970562401485|582930
970562401478|238419
970562401485|436051
970562401477|483597
970562401476|492056
970562549622|953086
970562549636|937640
970562500012|617395
970562501144|138472
970562501133|528931
970562401484|304128
970562401480|218075
970562500043|746039
970562501159|512768
970562401495|128754
970562500016|247653
970562401498|176205
970562500064|526409
970562500091|498627
970562500074|813659
970562401497|391478
970562500011|957234
970562500006|978641
970562500040|138596
970562500016|419725
970562500018|310854
970562401495|493086
21620014736|88490312
21620092851|613177
970562500016|785362
970562500018|349560
21620092824|81326900
21620092852|674544
970562401498|478016
970566003487|712049
970566003425|024736
970566004408|385294
970562500012|396817
970562401496|798516
970562401478|741592
970562401485|624038
970566003433|203476
970562401480|024186
970566003498|425089
970566003463|381506
970566003435|697518
970566003447|174596
970566003454|053864
970566004405|521078
970566003478|081953
970562401486|390745
970566003496|635812
970566004407|412375
970566003437|520418
21644343294|24597000
970562401483|031574
970566003428|459872
970566003476|321807
970562500026|542983
970562500023|483962
970566003457|618230
970566003492|178023
970566003471|956734
970566003464|413296
970562500046|840367
970566003432|417869
970562401491|873961
970562811471|479658
21620028160|777515
21620027150|964386
21620020309|468468
21620020389|949318
21620011193|76048949
21620020376|155786
21620028126|28362425
21620027195|347459
21620027193|019295
21620028114|045895
21620020347|70983000
21620027108|816595
21620020386|657421
21620028123|831433
21620092826|615561
22350040825|748625
22350402097|108352
22350851880|33140183
22350436756|13422053
22350914210|007035
22350476850|83307619
22351674688|266421
22350028482|661507
22351387279|353348
22351118319|600972
21620014719|289196
22351617356|14144452
21620092840|75655903
22351210128|07800148
22350167147|46017717
22351591285|257258
22350550001|99125932
22350610080|79344497
22351133002|361370
22350099806|922129
22350107128|03703995
22350704416|684625
22350483435|584325
22351577119|064148
22351707654|75595120
21620092843|589160
21620092857|029339
21620092815|622387
22351708946|98634035
21620092826|98433651
22350785671|467000
22350065202|55279542
22350398226|89739462
21620092810|955338
21620092842|122401
21620014764|05189766
21620092848|305460
21620014716|499591
21620092818|66159116
22350273506|170065
22350459440|935272
22350768152|17050178
22351362890|69457417
22351182544|30301566
22350771739|90992186
22350092025|47715013
22350093749|37227394
22351138344|228358
22350765996|904311
22350433080|665097
584228800233|757353
584228800235|23054738
970567035158|267845
970568689384|650498
22351711381|726745
22350987547|573969
22351692149|925743
22350751695|52545199
22351691305|682351
22350260894|103452
22350525496|23681347
22350525496|078952
22350902174|360562
22350902174|973205
22350341630|940137
22350341630|643795
22351630357|5047720
22351630357|796428
22351370424|935706
22351450710|502674
21628179857|987706
21620027199|34926759
21644330122|14906428
21644332401|972247
21644332676|151280
21644333640|868822
21644333693|623316
21644333761|66522332
21644334314|20903775
21644335019|141131
21644335493|602340
21644336368|41407772
21644338833|385501
21644339487|82514479
93780550227|54853701
93780609112|23854468
93780590721|860679
93780456708|43636
93780571700|27514552
93780532751|048706
93780467419|68613
93780468660|164340
93780474284|75665844
21644343668|318577
21644344611|36936696
21644344818|143289
21644347033|934123
21644347273|652364
21644350098|934640
21644350269|147938
21644366459|69390296
21644330122|740445
21644330126|71423149
584220200823|16871697
584220200812|02446
584220200813|45280
584220200814|39766
