375299087580|275551
375296206332|521697
375293277506|034947
375293277743|463425
375293277746|699624
375293278141|22919150
375293278324|31583216
375293278889|290146
375293279711|745559
375293279882|153123
375293280266|431853
375293280663|215315
375293280759|467061
375293281126|461133
375296508763|559585
375299876002|764995
375296849351|968141
375293846763|152193
963931373277|909460
251702469094|236997
963931978392|354842
963999931646|845972
963989462936|31668878
963987701424|280420
963931918438|787895
963987668723|49910272
963931505258|001430
963987747974|239078
963989334495|890147
963989927370|45571937
963987776730|85465364
963931558267|38653629
963931305937|60913207
963931321236|80920396
963987212121|865751
963989449437|879929
963987690637|42621041
963999604823|135051
963987075079|181384
963989228796|063646
963999267423|325577
963999654825|405381
