8801300226522|617549
970562401478|368194
970562401485|938405
970562401480|790683
970562401478|058296
970562401485|582930
970562401478|238419
970562401485|436051
970562401477|483597
970562401476|492056
970562549622|953086
970562549636|937640
970562500012|617395
970562501144|138472
970562501133|528931
970562401484|304128
970562401480|218075
970562500043|746039
970562501159|512768
970562401495|128754
970562500016|247653
970562401498|176205
970562500064|526409
970562500091|498627
970562500074|813659
970562401497|391478
970562500011|957234
970562500006|978641
970562500040|138596
970562500016|419725
970562500018|310854
970562401495|493086
21620014736|88490312
21620092851|613177
970562500016|785362
970562500018|349560
21620092824|81326900
21620092852|674544
970562401498|478016
970566003487|712049
970566003425|024736
970566004408|385294
970562500012|396817
970562401496|798516
970562401478|741592
970562401485|624038
970566003433|203476
970562401480|024186
970566003498|425089
970566003463|381506
970566003435|697518
970566003447|174596
970566003454|053864
970566004405|521078
970566003478|081953
970562401486|390745
970566003496|635812
970566004407|412375
970566003437|520418
21644343294|24597000
970562401483|031574
970566003428|459872
970566003476|321807
970562500026|542983
970562500023|483962
970566003457|618230
970566003492|178023
970566003471|956734
970566003464|413296
970562500046|840367
970566003432|417869
970562401491|873961
970562811471|479658
21620028160|777515
21620027150|964386
21620020309|468468
21620020389|949318
21620011193|76048949
21620020376|155786
21620028126|28362425
21620027195|347459
